0 0.1785 0.10235999999999999 0.027 0.03739
0 0.29725 0.04502 0.0295 0.04270666666666667
0 0.28525 0.13503333333333334 0.0555 0.0494
0 0.145875 0.30505666666666664 0.02425 0.04278333333333333
0 0.1325 0.4322433333333333 0.025 0.06049
0 0.080125 0.6564433333333333 0.04775 0.03888666666666667
0 0.060625 0.74979 0.08875 0.038913333333333334
0 0.66 0.30972666666666665 0.03 0.07879
0 0.55225 0.13503333333333334 0.0295 0.0494
0 0.719 0.20321 0.028 0.04908666666666666
0 0.80525 0.41940666666666665 0.0355 0.03815
0 0.894625 0.51192 0.03675 0.039843333333333335
0 0.7045 0.8678066666666667 0.029 0.03494666666666667
0 0.663375 0.72362 0.02925 0.05657333333333333