1 0.09225 0.14903666666666668 0.0495 0.07740666666666667
1 0.21 0.33640000000000003 0.06 0.09213333333333333
1 0.02775 0.31372666666666665 0.0505 0.06012000000000001
1 0.08925 0.5914366666666666 0.0635 0.08887333333333333
1 0.245625 0.42974333333333337 0.04875 0.06549
1 0.384625 0.017849999999999998 0.04675 0.03569666666666667
1 0.46725 0.57377 0.0595 0.10020333333333334
1 0.52175 0.23371666666666666 0.0685 0.08676666666666667
1 0.77475 0.5129266666666666 0.0545 0.10185333333333334
1 0.84325 0.7569600000000001 0.0915 0.06992
1 0.242375 0.8776433333333333 0.05725 0.057953333333333336
1 0.931625 0.4922533333333333 0.05075 0.07384333333333333