1 0.053875 0.17820666666666668 0.05025 0.07241666666666667
1 0.0165 0.42574333333333336 0.033 0.07082333333333334
1 0.459375 0.36523333333333335 0.06125 0.053136666666666665
1 0.5005 0.24488333333333331 0.051 0.05910000000000001
1 0.17775 0.3587366666666667 0.0505 0.09014000000000001
1 0.342625 0.5762666666666667 0.04275 0.055196666666666665
1 0.3285 0.9358166666666666 0.057 0.05097
1 0.518625 0.9693333333333334 0.06475 0.06133333333333333
1 0.488375 0.4124066666666667 0.04925 0.05748333333333333
1 0.547875 0.4949233333333333 0.04825 0.07917666666666667
1 0.721625 0.6116066666666666 0.08075 0.09921333333333333
1 0.80525 0.9261499999999999 0.0455 0.06497
1 0.9305 0.9536566666666666 0.071 0.08998
1 0.8855 0.24955 0.041 0.06843666666666667