1 0.0875 0.07636 0.055 0.07872
1 0.1115 0.3604 0.063 0.07347
1 0.247375 0.34106333333333333 0.05725 0.06146333333333333
1 0.536 0.19987666666666667 0.042 0.06909
1 0.3735 0.48208666666666666 0.047 0.08350666666666667
1 0.498875 0.6299399999999999 0.08025 0.07588333333333333
1 0.46025 0.7197866666666667 0.0455 0.05890666666666667
1 0.677 0.33673333333333333 0.064 0.08613
1 0.8555 0.50709 0.051 0.06017666666666667
1 0.979375 0.29372666666666664 0.04125 0.07345
1 0.5515 0.9801666666666666 0.053 0.03966666666666667
1 0.119625 0.86814 0.03675 0.04228
1 0.3375 0.60227 0.055 0.06720666666666666
1 0.800125 0.9193166666666666 0.05775 0.06796666666666668