0 0.074625 0.11986333333333332 0.04675 0.05573
0 0.1605 0.05735333333333333 0.041 0.03404
0 0.171 0.11269666666666665 0.032 0.038060000000000004
0 0.113375 0.22221 0.02925 0.02709
0 0.068375 0.24971666666666667 0.02925 0.038766666666666665
0 0.0585 0.30255666666666664 0.027 0.03444666666666667
0 0.154125 0.20587666666666665 0.02575 0.04108666666666667
0 0.2015 0.19287666666666667 0.023 0.04841666666666666
0 0.20425 0.28321999999999997 0.0335 0.03577333333333333
0 0.062875 0.38273666666666667 0.02825 0.04480666666666666
0 0.019 0.42507666666666666 0.028 0.04281666666666666
0 0.170125 0.38040333333333337 0.02775 0.04680666666666666
0 0.1895 0.4502466666666667 0.039 0.05649333333333333
0 0.09425 0.6346066666666667 0.0335 0.058550000000000005
0 0.110375 0.7254533333333334 0.03325 0.036906666666666664
0 0.1205 0.78546 0.031 0.03692333333333333
0 0.085375 0.8693066666666667 0.03325 0.04795
0 0.161 0.8027966666666666 0.032 0.04493
0 0.1715 0.92865 0.033 0.04663333333333333
0 0.275375 0.9358166666666666 0.03325 0.03763333333333334
0 0.25075 0.9816566666666666 0.0465 0.02598
0 0.303375 0.08802666666666666 0.01925 0.04205333333333333
0 0.27125 0.16103666666666666 0.0375 0.03474
0 0.27325 0.26972 0.0315 0.05210666666666666
0 0.295875 0.3890733333333333 0.04425 0.09081333333333333
0 0.3625 0.2765566666666667 0.035 0.07578
0 0.4655 0.2803866666666667 0.021 0.04677666666666667
0 0.444 0.013179999999999999 0.038 0.026359999999999998
0 0.534625 0.31922666666666666 0.03675 0.04112
0 0.5855 0.06519 0.031 0.053046666666666666
0 0.632 0.10269666666666666 0.034 0.05806
0 0.430875 0.5742633333333333 0.03425 0.05119666666666667
0 0.3635 0.6941166666666666 0.037 0.05423333333333333
0 0.469 0.6047666666666667 0.018 0.03553666666666667
0 0.424625 0.7174533333333334 0.03675 0.04757
0 0.3465 0.9484866666666667 0.033 0.03630333333333333
0 0.38775 0.9124800000000001 0.0305 0.04429333333333333
0 0.5405 0.8218 0.021 0.03626666666666666
0 0.54625 0.7631266666666667 0.0275 0.03891666666666667
0 0.633 0.7671266666666667 0.036 0.03358333333333333
0 0.96325 0.9289833333333333 0.0315 0.05396666666666667
0 0.983 0.9851666666666666 0.026 0.029666666666666668
0 0.81075 0.8453033333333333 0.0365 0.039939999999999996
0 0.601625 0.6437733333333333 0.04075 0.04021666666666667
0 0.6585 0.6091033333333333 0.047 0.05087333333333333
0 0.54325 0.5304233333333334 0.0415 0.040183333333333335
0 0.54075 0.47658333333333336 0.0265 0.049166666666666664
0 0.5755 0.54276 0.021 0.031516666666666665
0 0.6125 0.55126 0.035 0.03852
0 0.418625 0.43307666666666667 0.04475 0.04548666666666667
0 0.7265 0.6031 0.033 0.03887
0 0.762375 0.6157699999999999 0.02725 0.037540000000000004
0 0.640875 0.37107 0.03425 0.05480333333333333
0 0.654125 0.019516666666666665 0.02575 0.03503
0 0.686375 0.031016666666666665 0.02525 0.04136666666666666
0 0.71775 0.17504 0.0405 0.06274666666666667
0 0.679375 0.34156333333333333 0.03125 0.05246
0 0.7115 0.2833866666666667 0.043 0.046110000000000005
0 0.824125 0.6829466666666667 0.03575 0.028560000000000002
0 0.912125 0.7791266666666667 0.03175 0.04425666666666667
0 0.982 0.69845 0.034 0.042899999999999994
0 0.8785 0.5717633333333333 0.057 0.04286
0 0.97875 0.6186066666666666 0.0325 0.06654666666666666
0 0.746125 0.47908666666666666 0.02975 0.07083666666666666
0 0.868625 0.5017533333333334 0.03475 0.036173333333333335
0 0.7095 0.45108 0.029 0.05482666666666666
0 0.7705 0.41791 0.031 0.051816666666666664
0 0.822875 0.4039066666666667 0.05825 0.037143333333333334
0 0.8735 0.4124066666666667 0.037 0.03081333333333333
0 0.9575 0.53626 0.035 0.04185
0 0.95 0.40224 0.03 0.04047666666666667
0 0.86575 0.32622666666666666 0.0365 0.04845666666666667
0 0.921875 0.3443966666666667 0.02625 0.05479666666666666
0 0.764875 0.24471666666666667 0.04225 0.04876666666666667
0 0.759 0.1437 0.028 0.05340333333333334
0 0.776 0.015846666666666665 0.032 0.031696666666666665
0 0.78325 0.11686666666666667 0.0315 0.06973
0 0.877 0.09969333333333333 0.034 0.04538999999999999
0 0.856875 0.013179999999999999 0.03625 0.026359999999999998
0 0.943125 0.017849999999999998 0.02375 0.03569666666666667
0 0.976375 0.013846666666666667 0.02525 0.027693333333333334
0 0.926375 0.13103333333333333 0.03525 0.05473333333333333
0 0.99 0.20304333333333333 0.02 0.038753333333333334
0 0.880625 0.20371 0.02875 0.02675
0 0.885875 0.24521666666666667 0.04425 0.0531