0 0.048 0.08169333333333334 0.026 0.049383333333333335
0 0.08575 0.09252666666666666 0.0265 0.054386666666666666
0 0.122 0.07569 0.024 0.05071666666666667
0 0.153125 0.09769333333333333 0.02375 0.05472333333333333
0 0.06525 0.19354333333333334 0.0355 0.04975
0 0.0945 0.23388333333333333 0.029 0.057096666666666664
0 0.147875 0.2630533333333333 0.02825 0.052103333333333335
0 0.113375 0.3639 0.02925 0.03713333333333334
0 0.159625 0.34723000000000004 0.02675 0.043796666666666664
0 0.246875 0.10102666666666667 0.02625 0.048056666666666664
0 0.02275 0.50909 0.0305 0.05084333333333333
0 0.153 0.71462 0.036 0.04523666666666667
0 0.2415 0.6786133333333333 0.033 0.039893333333333336
0 0.332 0.08152666666666666 0.044 0.07905666666666666
0 0.31875 0.23988333333333334 0.0325 0.06910000000000001
0 0.401125 0.05852333333333333 0.02975 0.06638
0 0.3975 0.11503 0.025 0.04939333333333334
0 0.425875 0.26072 0.02425 0.05410333333333334
0 0.387375 0.40107333333333334 0.02725 0.06148
0 0.404625 0.5335966666666666 0.04675 0.08985666666666667
0 0.344 0.6657799999999999 0.028 0.08422666666666667
0 0.3095 0.8161366666666666 0.039 0.07160333333333334
0 0.4345 0.84514 0.039 0.06961333333333333
0 0.4555 0.5881 0.041 0.06887
0 0.37625 0.21204333333333333 0.0475 0.05009
0 0.49325 0.16604 0.0515 0.07808
0 0.5255 0.31306 0.031 0.058786666666666675
0 0.4995 0.39107333333333333 0.029 0.08148
0 0.57425 0.24405 0.0235 0.047433333333333334
0 0.56 0.37207 0.03 0.06347333333333333
0 0.618 0.5047566666666666 0.036 0.062176666666666665
0 0.669875 0.037353333333333336 0.04225 0.060706666666666666
0 0.724 0.024516666666666666 0.028 0.04903333333333333
0 0.762125 0.08602666666666667 0.03175 0.06472
0 0.7285 0.18771 0.047 0.08808666666666666
0 0.811375 0.11986333333333332 0.03525 0.05573
0 0.857875 0.15853666666666666 0.03825 0.053073333333333333
0 0.7725 0.25655 0.035 0.04910333333333333
0 0.6785 0.3270633333333334 0.047 0.060123333333333334
0 0.7515 0.30872666666666665 0.033 0.05678666666666667
0 0.8875 0.21871333333333332 0.035 0.05009
0 0.925625 0.37190333333333336 0.02875 0.053136666666666665
0 0.8045 0.2850533333333333 0.029 0.04277666666666667
0 0.76725 0.41274 0.0295 0.05148333333333333
0 0.710375 0.49491999999999997 0.03325 0.05250666666666667
0 0.707625 0.5717633333333333 0.04275 0.056196666666666666
0 0.522 0.64711 0.034 0.04688333333333333
0 0.53075 0.70445 0.0165 0.04156666666666667
0 0.4885 0.86314 0.027 0.05228
0 0.5115 0.8256333333333333 0.023 0.03393333333333333
1 0.60975 0.7689600000000001 0.0245 0.053919999999999996
0 0.5175 0.9556533333333334 0.035 0.053976666666666666
0 0.565875 0.9699899999999999 0.03425 0.049313333333333334
0 0.5555 0.9064800000000001 0.031 0.04562666666666666
0 0.6045 0.87514 0.029 0.036283333333333334
0 0.62075 0.9056466666666667 0.0465 0.03395666666666667
0 0.6695 0.95382 0.039 0.06031
0 0.77425 0.9298166666666666 0.0435 0.0523
0 0.7395 0.81797 0.039 0.06527
0 0.94725 0.9146466666666667 0.0395 0.04529666666666666
0 0.737375 0.7147866666666667 0.02725 0.055573333333333336
0 0.777625 0.7292866666666667 0.03275 0.03457333333333333
0 0.825375 0.7491233333333333 0.05325 0.05091333333333334
0 0.819625 0.79313 0.04675 0.04559333333333333
0 0.97575 0.8299666666666667 0.0265 0.035936666666666665
0 0.9795 0.7097833333333333 0.039 0.05223666666666667
0 0.78825 0.61027 0.0315 0.04320666666666667
0 0.7825 0.5510933333333333 0.035 0.04152
0 0.98375 0.6204366666666666 0.0325 0.046876666666666664
0 0.985 0.5439266666666667 0.03 0.037186666666666666
0 0.9895 0.49441999999999997 0.019 0.04817333333333334
0 0.982625 0.4497466666666667 0.02275 0.038823333333333335
0 0.977375 0.41374 0.02725 0.046816666666666666
0 0.868625 0.5440933333333333 0.04475 0.06085666666666666
0 0.838 0.4930866666666667 0.036 0.05884
0 0.83025 0.41641 0.0455 0.052149999999999995