0 0.09225 0.1312 0.0295 0.03839666666666667
0 0.134 0.27122 0.048 0.038439999999999995
0 0.092 0.43707666666666667 0.034 0.04015333333333333
0 0.14475 0.4557466666666667 0.0345 0.03749333333333334
0 0.1985 0.43024333333333337 0.047 0.05648666666666667
0 0.13325 0.64794 0.0415 0.03188333333333333
0 0.33 0.5814333333333334 0.03 0.05553333333333333
0 0.3045 0.3365633333333333 0.019 0.06246
0 0.3185 0.4950866666666667 0.037 0.04950666666666667
0 0.347875 0.9179833333333333 0.02825 0.05196333333333333
0 0.45625 0.7157866666666667 0.0275 0.050903333333333335
1 0.49375 0.7317899999999999 0.0225 0.05624333333333333
0 0.495375 0.7978000000000001 0.03325 0.06826333333333333
0 0.6315 0.75646 0.033 0.05225
0 0.413875 0.44708 0.03025 0.046823333333333335
0 0.43775 0.33773000000000003 0.0305 0.04146
0 0.4435 0.27438666666666667 0.047 0.048106666666666666
0 0.52975 0.29389 0.0245 0.04378
0 0.5765 0.29722333333333334 0.043 0.06378333333333333
0 0.7985 0.8564733333333333 0.037 0.03894333333333333
0 0.912 0.9656566666666666 0.034 0.047310000000000005
0 0.719 0.8799766666666666 0.028 0.05595333333333334
0 0.77175 0.62244 0.0385 0.06421333333333333
0 0.658875 0.47125 0.04025 0.051833333333333335
0 0.63925 0.20937666666666666 0.0635 0.05809
0 0.6845 0.04568666666666667 0.059 0.05737333333333333
0 0.9285 0.26405666666666666 0.027 0.08744333333333333
0 0.82875 0.3634 0.0325 0.04613333333333334
0 0.876625 0.39840333333333333 0.03075 0.04281
0 0.882125 0.47942 0.03175 0.07817333333333333
0 0.988125 0.64811 0.02375 0.05555333333333333
0 0.119875 0.8151333333333334 0.03225 0.06293666666666667