0 0.08675 0.17770666666666668 0.0385 0.04141
0 0.153875 0.3315633333333334 0.03025 0.045790000000000004
0 0.277 0.38307 0.034 0.06547666666666667
0 0.078625 0.38090333333333337 0.03475 0.05114
0 0.260375 0.5210899999999999 0.02325 0.04818
0 0.449125 0.5329266666666667 0.02575 0.04851666666666667
0 0.71775 0.26438666666666666 0.0705 0.04143666666666667
0 0.662 0.6251066666666667 0.024 0.05621333333333333
0 0.3955 0.70262 0.061 0.10124000000000001
0 0.5825 0.8009666666666667 0.085 0.0646
0 0.468125 0.6474433333333333 0.03375 0.08088999999999999
0 0.688 0.7242866666666667 0.026 0.04457333333333333
0 0.74275 0.8244699999999999 0.0605 0.08160666666666666
0 0.904 0.05602333333333333 0.088 0.05804333333333333
0 0.675 0.18570666666666666 0.04 0.057416666666666664
0 0.111 0.9124833333333333 0.052 0.057629999999999994
0 0.0895 0.65311 0.039 0.045553333333333335
0 0.207125 0.06569 0.02175 0.044046666666666665
0 0.563125 0.042186666666666664 0.03375 0.053706666666666666
0 0.710375 0.39324000000000003 0.02325 0.055810000000000005
0 0.7365 0.5572633333333333 0.033 0.05052333333333333
0 0.8335 0.65911 0.027 0.030883333333333336
0 0.486625 0.7691266666666667 0.03075 0.06425666666666667