0 0.037 0.42491 0.044 0.059153333333333336
0 0.2925 0.3188933333333333 0.025 0.04712
0 0.238 0.42090666666666665 0.026 0.037816666666666665
0 0.114 0.5996033333333333 0.038 0.04853666666666667
0 0.027125 0.7327866666666667 0.03175 0.038239999999999996
0 0.290375 0.73529 0.02325 0.05991333333333334
0 0.36325 0.43908 0.0315 0.05749
0 0.338125 0.5672633333333333 0.03375 0.04386
0 0.175 0.9008133333333334 0.03 0.06762666666666667
0 0.211 0.97649 0.032 0.03898
0 0.484375 0.8936466666666667 0.03125 0.04995666666666667
0 0.47125 0.5744333333333334 0.0275 0.06153
0 0.414625 0.40157333333333334 0.02675 0.05248
0 0.4915 0.28622333333333333 0.023 0.06178
0 0.4895 0.3714 0.029 0.04880333333333333
0 0.604 0.4114066666666667 0.028 0.048813333333333334
0 0.7265 0.9414833333333332 0.023 0.04230333333333333
0 0.744875 0.8533066666666667 0.02225 0.04261
0 0.81625 0.87981 0.0275 0.04562000000000001
0 0.7835 0.7127866666666667 0.027 0.051570000000000005
0 0.802625 0.8121333333333334 0.02275 0.05026666666666667
0 0.84825 0.8723099999999999 0.0315 0.06062000000000001
0 0.8715 0.5931 0.053 0.058870000000000006
0 0.81475 0.6367733333333333 0.0345 0.04621333333333333
0 0.80225 0.56243 0.0395 0.06419333333333334
0 0.711 0.4392466666666667 0.022 0.05449
0 0.776625 0.3280633333333334 0.03075 0.05545666666666667
0 0.9335 0.44741333333333333 0.037 0.05416
0 0.9045 0.3584 0.029 0.056133333333333334
0 0.86725 0.26838666666666666 0.0395 0.036103333333333334
0 0.939625 0.3350633333333333 0.02675 0.04946
0 0.985 0.38574 0.03 0.07081
0 0.988125 0.28289 0.02375 0.055110000000000006
0 0.787375 0.03902 0.02725 0.04403666666666667
0 0.93275 0.043686666666666665 0.0305 0.04004