0 0.038 0.045853333333333336 0.026 0.04104
0 0.09325 0.07069 0.0315 0.04738
0 0.018375 0.17970666666666668 0.02925 0.04541333333333333
0 0.144625 0.35923333333333335 0.03675 0.06780333333333333
0 0.0335 0.5370933333333333 0.027 0.040183333333333335
0 0.074 0.7927966666666666 0.028 0.03826
0 0.166375 0.8883099999999999 0.02525 0.039286666666666664
0 0.220625 0.8921433333333333 0.02875 0.05029
0 0.287625 0.7341233333333333 0.04275 0.05424333333333333
0 0.224 0.2730533333333333 0.028 0.045439999999999994
0 0.28275 0.09252666666666666 0.0305 0.054386666666666666
0 0.3085 0.6289399999999999 0.027 0.05388
0 0.299 0.015179999999999999 0.028 0.030363333333333336
0 0.448 0.11436333333333333 0.026 0.06139666666666667
0 0.446 0.30405666666666664 0.032 0.04745
0 0.550125 0.45058 0.01775 0.05049333333333333
0 0.468875 0.58777 0.06025 0.07487
0 0.528875 0.6942833333333333 0.02025 0.05123333333333333
0 0.66625 0.96649 0.0375 0.045643333333333334
0 0.786875 0.9718333333333333 0.03625 0.05633333333333333
0 0.860375 0.7307899999999999 0.03325 0.06091
0 0.956625 0.4897533333333333 0.02075 0.052169999999999994
0 0.65025 0.6247733333333333 0.0255 0.048876666666666665
0 0.58475 0.5854333333333334 0.0245 0.0502
0 0.584875 0.4985866666666667 0.02225 0.053173333333333336
0 0.779 0.5821 0.028 0.05686666666666666
0 0.816 0.5590966666666667 0.022 0.05752666666666667
0 0.679875 0.4322433333333333 0.04225 0.04715333333333334
0 0.499875 0.21988 0.04225 0.05576
0 0.5145 0.011179999999999999 0.029 0.022359999999999998
0 0.721 0.05368666666666667 0.022 0.04671
0 0.798875 0.16437000000000002 0.06025 0.04140666666666667
0 0.7095 0.18854 0.019 0.04641666666666667
0 0.905625 0.20354333333333333 0.02875 0.06975666666666668
0 0.788375 0.03868333333333333 0.02925 0.03670333333333333
0 0.758375 0.23688333333333333 0.02925 0.06976666666666667
0 0.908875 0.31556 0.03025 0.05378666666666667
0 0.89075 0.3724 0.0265 0.044136666666666664
0 0.711 0.39574000000000004 0.032 0.05081
0 0.923375 0.7611266666666667 0.01925 0.061586666666666665
0 0.802625 0.8616400000000001 0.03275 0.05261333333333333
0 0.101 0.7309533333333333 0.032 0.04457333333333333