0 0.091 0.013179999999999999 0.042 0.026359999999999998
0 0.0935 0.20021 0.027 0.04975333333333333
0 0.050375 0.24555 0.03325 0.06043333333333334
0 0.156 0.23771666666666666 0.022 0.05476333333333333
0 0.214375 0.20704333333333333 0.06125 0.060090000000000005
0 0.120125 0.43291 0.02775 0.04848666666666667
0 0.357 0.19621 0.024 0.04175
0 0.32325 0.26638666666666666 0.0315 0.04543666666666667
0 0.314875 0.3575666666666667 0.04225 0.057800000000000004
0 0.20625 0.55026 0.0475 0.043186666666666665
0 0.20825 0.8218 0.0315 0.03626666666666666
0 0.2885 0.6666133333333333 0.037 0.055889999999999995
0 0.33425 0.6599433333333333 0.0235 0.04255333333333333
0 0.297875 0.6104366666666666 0.02825 0.04020666666666667
0 0.3605 0.3962366666666667 0.031 0.04181
0 0.316875 0.41307333333333335 0.03625 0.04548
0 0.424375 0.11169666666666665 0.03125 0.04272666666666667
0 0.41 0.16303666666666666 0.03 0.03874
0 0.4835 0.06052333333333333 0.027 0.04371
0 0.57225 0.025016666666666666 0.0295 0.042699999999999995
0 0.4915 0.21321333333333334 0.043 0.05575666666666667
0 0.570125 0.19254333333333334 0.03775 0.06775333333333333
0 0.688 0.20704333333333333 0.036 0.060090000000000005
0 0.461125 0.40974 0.02975 0.03881333333333333
0 0.550125 0.7887966666666666 0.02775 0.04359333333333333
0 0.59025 0.8913099999999999 0.0255 0.03862
0 0.667 0.9511533333333333 0.034 0.04164
0 0.67525 0.8836466666666667 0.0455 0.06995666666666667
0 0.322 0.8873099999999999 0.034 0.04395333333333334
0 0.872 0.8444699999999999 0.034 0.04160666666666667
0 0.844 0.8033 0.038 0.04926333333333333
0 0.7125 0.6789466666666666 0.035 0.06056333333333333
0 0.831125 0.6539433333333333 0.02975 0.03055
0 0.829 0.47975 0.018 0.05883666666666666
0 0.866625 0.46941666666666665 0.03075 0.04483
0 0.972 0.18970666666666666 0.024 0.052083333333333336
0 0.844 0.03502 0.028 0.06270666666666667
0 0.7685 0.13470000000000001 0.037 0.0554
0 0.79525 0.23371666666666666 0.0255 0.060096666666666666
0 0.561 0.33373 0.042 0.04679
0 0.989375 0.23888333333333334 0.02125 0.04709666666666666
0 0.452 0.46808333333333335 0.034 0.04216333333333333