0 0.199125 0.21687666666666666 0.02575 0.04309
0 0.2035 0.33823000000000003 0.027 0.04579333333333333
0 0.159875 0.5127566666666666 0.03225 0.06484666666666666
0 0.0595 0.63844 0.039 0.042879999999999995
0 0.122875 0.5999366666666667 0.03825 0.05587
0 0.116125 0.93065 0.03975 0.0373
0 0.2495 0.9098133333333334 0.029 0.052296666666666665
0 0.248125 0.75079 0.03375 0.03424666666666667
0 0.370125 0.33956333333333333 0.02775 0.048459999999999996
0 0.4725 0.5722633333333333 0.045 0.047196666666666665
0 0.384375 0.9399833333333333 0.03125 0.04263666666666666
0 0.493375 0.8454699999999999 0.02925 0.05027666666666667
0 0.622125 0.79013 0.02175 0.04626
0 0.814375 0.6757799999999999 0.03125 0.03755666666666667
0 0.693 0.6106033333333333 0.026 0.05054
0 0.746 0.47241666666666665 0.022 0.04416666666666667
0 0.84575 0.22554666666666667 0.0365 0.047093333333333334
0 0.758 0.05435333333333334 0.026 0.03470666666666667
0 0.65375 0.05802333333333333 0.0325 0.06204666666666666
0 0.588625 0.016513333333333335 0.03475 0.033030000000000004
0 0.569125 0.06885666666666666 0.02575 0.04038
0 0.606875 0.09652999999999999 0.01625 0.062389999999999994
0 0.715625 0.2830566666666667 0.02875 0.052110000000000004
0 0.71575 0.40274 0.0265 0.04481
0 0.643625 0.38757 0.03475 0.05114
0 0.599625 0.41307333333333335 0.02675 0.04548
0 0.552125 0.41291 0.03175 0.061816666666666666
0 0.47625 0.3310633333333334 0.0275 0.05479333333333333
0 0.7785 0.5435933333333334 0.017 0.05652
0 0.875 0.37840333333333337 0.02 0.056139999999999995
0 0.858375 0.7587933333333333 0.02925 0.05025