0 0.2605 0.30039 0.031 0.04678333333333333
0 0.166875 0.3443966666666667 0.03625 0.05479666666666666
0 0.422 0.41474333333333335 0.044 0.06882
0 0.62125 0.5560966666666667 0.0275 0.07152666666666667
0 0.34 0.5944333333333334 0.03 0.04820333333333334
0 0.178375 0.6494433333333333 0.03925 0.04488333333333334
0 0.216125 0.78146 0.02975 0.042256666666666665
0 0.479375 0.8019633333333333 0.04125 0.04659666666666666
0 0.409875 0.5615966666666666 0.03225 0.05252666666666667
0 0.8475 0.3358966666666667 0.025 0.047793333333333334
0 0.954 0.8298033333333333 0.028 0.05227333333333333
0 0.682875 0.6462766666666666 0.02825 0.04855
0 0.5485 0.32772666666666667 0.027 0.04812333333333334
0 0.2545 0.67328 0.029 0.05589333333333334
0 0.541875 0.5904333333333334 0.02625 0.05353333333333333
0 0.283875 0.6397733333333333 0.03025 0.03221333333333334
0 0.8055 0.5535933333333333 0.031 0.036520000000000004
0 0.846 0.45608 0.032 0.04482666666666666
0 0.15425 0.9158133333333334 0.0235 0.03762666666666666
0 0.508875 0.8314666666666667 0.02025 0.035603333333333334
0 0.37125 0.3579 0.0275 0.038463333333333335