0 0.39325 0.053353333333333336 0.0315 0.05271
0 0.335375 0.10103 0.05325 0.07472666666666666
0 0.267 0.21838 0.034 0.056093333333333335
0 0.39575 0.24238333333333334 0.0265 0.05076666666666667
0 0.02 0.7062866666666667 0.03 0.06190333333333334
0 0.3195 0.57343 0.029 0.05286333333333333
0 0.33275 0.9748233333333333 0.0305 0.042313333333333335
0 0.569 0.6247733333333333 0.048 0.07554666666666666
0 0.57875 0.029016666666666666 0.0325 0.050703333333333336
0 0.68025 0.8203033333333333 0.0355 0.06327
0 0.533125 0.9768333333333333 0.03375 0.04633333333333333
0 0.666125 0.9499899999999999 0.03975 0.07597666666666666
0 0.763625 0.7891333333333334 0.04475 0.10426666666666667
0 0.402 0.6504433333333333 0.044 0.053553333333333335
0 0.96375 0.88881 0.0325 0.05695666666666667
0 0.86725 0.7747933333333333 0.0395 0.05559
0 0.965 0.46225 0.03 0.05383
0 0.87525 0.15670333333333333 0.0355 0.05940666666666666