0 0.4427225 0.36056000000000005 0.030447500000000002 0.03712
0 0.57 0.18020666666666668 0.03 0.04974666666666667
0 0.28725 0.4617466666666667 0.0195 0.036160000000000005
0 0.559625 0.7706266666666667 0.02675 0.03725333333333333
0 0.21575 0.7666266666666667 0.0265 0.04258666666666667
0 0.44375 0.8588066666666667 0.0325 0.05028
0 0.300625 0.26522 0.02875 0.05310666666666666
0 0.4965 0.14836666666666667 0.023 0.03607
0 0.855875 0.15920333333333334 0.02425 0.04107333333333333
0 0.805875 0.3550666666666667 0.02425 0.04946333333333333
0 0.868875 0.6397733333333333 0.03025 0.04554666666666666
0 0.923625 0.7197833333333333 0.02475 0.032236666666666663
0 0.459415 0.40403 0.046332500000000006 0.04618333333333334