0 0.439875 0.036853333333333335 0.04225 0.05637333333333334
0 0.32025 0.16904 0.0355 0.05074333333333333
0 0.156125 0.42774333333333336 0.03975 0.04815333333333333
0 0.0305 0.5796 0.041 0.048530000000000004
0 0.013 0.7444566666666667 0.026 0.04158
0 0.039 0.7917966666666666 0.038 0.05626
0 0.1205 0.66428 0.031 0.05789
0 0.17975 0.65911 0.0345 0.057556666666666666
0 0.14475 0.9691566666666666 0.0345 0.037643333333333334
0 0.438125 0.7297899999999999 0.03375 0.06557666666666666
0 0.398625 0.5811 0.03475 0.048196666666666665
0 0.339125 0.42474333333333336 0.03575 0.04882
0 0.47625 0.3590666666666667 0.0275 0.04413333333333334
0 0.5855 0.3158933333333333 0.031 0.04778666666666667
0 0.609875 0.43941 0.03225 0.03815333333333333
0 0.580625 0.8028000000000001 0.02875 0.0716
0 0.865125 0.8019633333333333 0.02775 0.03326
0 0.853125 0.8976466666666667 0.04375 0.044623333333333334
0 0.683375 0.8178000000000001 0.03925 0.05493666666666667
0 0.893 0.8763099999999999 0.026 0.04195
0 0.926 0.8844766666666666 0.022 0.05495333333333334
0 0.96 0.6892833333333332 0.04 0.06123333333333333
0 0.74975 0.49391999999999997 0.0445 0.05717333333333334
0 0.61325 0.18837333333333334 0.0415 0.049416666666666664
0 0.67175 0.14487 0.0385 0.059070000000000004
0 0.850875 0.07452333333333333 0.04425 0.045046666666666665
0 0.583 0.986 0.046 0.028