1 0.079125 0.1287 0.05575 0.07006666666666667
1 0.065375 0.4060766666666667 0.04325 0.07815
1 0.132125 0.6462766666666666 0.05175 0.07522
1 0.3775 0.9685 0.065 0.063
1 0.421 0.16487333333333334 0.042 0.07241333333333333
1 0.427125 0.7918000000000001 0.05175 0.08293333333333333
1 0.455875 0.7174533333333334 0.06425 0.060906666666666665
1 0.581 0.7844633333333333 0.052 0.06826
1 0.551625 0.18004 0.06075 0.06608333333333333
1 0.518 0.29405666666666663 0.046 0.06745
1 0.659 0.68595 0.058 0.09456999999999999
1 0.766875 0.6482766666666666 0.05625 0.07922333333333333
1 0.823375 0.48242 0.04925 0.06416999999999999
1 0.9825 0.062356666666666664 0.035 0.06404666666666667