0 0.033625 0.03368333333333333 0.02475 0.04670333333333334
0 0.1195 0.08585999999999999 0.059 0.06772
0 0.389 0.055689999999999996 0.038 0.05071
0 0.1245 0.18504 0.029 0.05608333333333333
0 0.271 0.11169666666666665 0.032 0.056060000000000006
0 0.141 0.24721666666666667 0.032 0.04376666666666667
0 0.1725 0.3989066666666667 0.065 0.06048
0 0.345625 0.26838666666666666 0.02875 0.04944
0 0.106 0.40824 0.032 0.06581666666666666
0 0.462875 0.16820666666666667 0.02825 0.05241
0 0.6775 0.11503 0.035 0.04939333333333334
0 0.2015 0.21804666666666667 0.043 0.062093333333333334
0 0.3465 0.36423333333333335 0.063 0.05780333333333333
0 0.272375 0.5230933333333333 0.02725 0.06551666666666667
0 0.418 0.5064266666666667 0.046 0.11218666666666667
0 0.464875 0.34773333333333334 0.04225 0.06146333333333333
0 0.60525 0.48408666666666667 0.0455 0.08750999999999999
0 0.708125 0.17237333333333332 0.02375 0.05741333333333334
0 0.890875 0.20421 0.02425 0.05775333333333333
0 0.835 0.22938 0.06 0.058096666666666665
0 0.775625 0.3043933333333333 0.02875 0.05478333333333333
0 0.58225 0.2670533333333333 0.0295 0.06010666666666666
0 0.858 0.6149399999999999 0.036 0.07921333333333333
0 0.716 0.5854333333333334 0.042 0.06353333333333333
0 0.93825 0.8924833333333333 0.0515 0.09763
0 0.4755 0.44908 0.051 0.06416
0 0.349625 0.6522766666666666 0.04675 0.07389
0 0.201375 0.6271066666666666 0.03525 0.06021333333333333
0 0.124625 0.7882966666666666 0.03675 0.03925666666666666
0 0.136375 0.8909766666666666 0.03525 0.044623333333333334
0 0.223125 0.9473233333333333 0.05375 0.09731333333333334
0 0.3205 0.7531233333333333 0.031 0.04558
0 0.8165 0.75746 0.033 0.060919999999999995
0 0.751 0.35273333333333334 0.052 0.0648
0 0.8465 0.31906 0.023 0.044120000000000006
0 0.792625 0.43074333333333337 0.02275 0.06082333333333333
0 0.646125 0.46575 0.02975 0.0575
0 0.8855 0.4437466666666667 0.041 0.06682666666666666
0 0.965 0.7677966666666666 0.07 0.07492333333333334
0 0.265 0.8063 0.04 0.06193333333333334
0 0.0315 0.5417633333333334 0.033 0.08952666666666666
0 0.19575 0.30072333333333334 0.0365 0.040780000000000004
0 0.492625 0.5764333333333334 0.03275 0.05219666666666667
0 0.694625 0.6681133333333333 0.02675 0.06889333333333333
0 0.181 0.08002333333333334 0.052 0.03938333333333333
0 0.6535 0.21171333333333334 0.027 0.05609
0 0.36425 0.90798 0.0335 0.058629999999999995
0 0.4525 0.9519866666666666 0.035 0.026636666666666666
0 0.0425 0.82864 0.065 0.09994666666666666
0 0.5365 0.8398033333333332 0.043 0.05894333333333334
0 0.85725 0.9611566666666665 0.0395 0.06164666666666667
0 0.3345 0.15837 0.029 0.056073333333333336
0 0.596375 0.37840333333333337 0.02525 0.056139999999999995
0 0.3405 0.5132566666666667 0.041 0.04251
0 0.958125 0.42941 0.02375 0.058153333333333335
0 0.832 0.10169666666666666 0.034 0.06272666666666667
0 0.971375 0.5537633333333333 0.02525 0.06019
0 0.016125 0.26038666666666666 0.02975 0.06010666666666666