0 0.598875 0.23171333333333333 0.04025 0.04276
0 0.36175 0.29089 0.0485 0.05778
0 0.268625 0.28905666666666663 0.03475 0.05078
0 0.0375 0.5565966666666666 0.045 0.04919
0 0.38175 0.08569333333333333 0.0385 0.05738666666666666
0 0.5925 0.39157333333333333 0.045 0.07248
0 0.401 0.41274 0.042 0.05148333333333333
0 0.764625 0.3509 0.03675 0.07113333333333334
0 0.58525 0.31022666666666665 0.0455 0.043116666666666664
0 0.1465 0.7184533333333334 0.043 0.042903333333333335
0 0.237 0.8771433333333333 0.044 0.05362000000000001
0 0.284 0.94882 0.038 0.04364
0 0.441 0.97849 0.042 0.04298
0 0.66875 0.9179833333333333 0.0625 0.07863333333333333
0 0.7905 0.45708 0.031 0.05349666666666667
0 0.830875 0.26772 0.02425 0.048106666666666666
0 0.968625 0.19521 0.04475 0.04641666666666667
0 0.912375 0.10819666666666666 0.02725 0.05239333333333333
0 0.9105 0.3929066666666667 0.031 0.061810000000000004
0 0.849875 0.50659 0.03225 0.055843333333333335
0 0.6835 0.74979 0.037 0.05224666666666667
0 0.797125 0.6622766666666666 0.03175 0.05388999999999999
0 0.855125 0.8616400000000001 0.03775 0.05261333333333333
0 0.472 0.8569733333333334 0.044 0.056613333333333335
0 0.496125 0.8033 0.02975 0.04926333333333333
0 0.0105 0.6216066666666666 0.021 0.05254333333333333
0 0.0615 0.94582 0.043 0.04430333333333333
0 0.302875 0.7016166666666667 0.02825 0.052566666666666664
0 0.822 0.010513333333333333 0.034 0.021026666666666666
0 0.252875 0.981 0.02825 0.038