0 0.1405 0.19187666666666667 0.031 0.07975333333333333
0 0.150375 0.32372666666666666 0.02325 0.053456666666666666
0 0.129625 0.54976 0.02675 0.03885333333333334
0 0.0615 0.6417733333333333 0.033 0.049550000000000004
0 0.0605 0.7882966666666666 0.071 0.06592666666666666
0 0.0495 0.8648066666666667 0.029 0.048946666666666666
0 0.125125 0.91565 0.02775 0.05396333333333333
0 0.207875 0.5822666666666666 0.01825 0.05386666666666667
0 0.2425 0.5866 0.035 0.05586666666666666
0 0.274125 0.7062866666666667 0.03575 0.06190333333333334
0 0.3305 0.8829766666666666 0.021 0.05528666666666667
0 0.315 0.94732 0.02 0.04397333333333333
0 0.381125 0.85914 0.02975 0.04428
0 0.442625 0.5779333333333333 0.03275 0.05186333333333334
0 0.336625 0.25971666666666665 0.02075 0.04543666666666667
0 0.5925 0.28772333333333333 0.025 0.04811000000000001
0 0.452 0.39907333333333334 0.034 0.04414333333333333
0 0.575375 0.54776 0.02325 0.04818666666666667
0 0.512125 0.7411233333333332 0.03175 0.04824666666666667
0 0.498 0.87681 0.026 0.04628333333333333
0 0.631 0.8954766666666666 0.032 0.04362333333333333
0 0.553 0.89648 0.046 0.05229
0 0.322375 0.6706133333333333 0.05725 0.06389333333333333
0 0.670375 0.9008133333333334 0.04325 0.04095666666666667
0 0.74 0.8284699999999999 0.03 0.06294
0 0.571875 0.6437733333333333 0.02625 0.04021666666666667
0 0.678375 0.60977 0.02925 0.052206666666666665
0 0.8655 0.8608066666666667 0.021 0.05428
0 0.982625 0.9224833333333333 0.03275 0.05096666666666667
0 0.8575 0.62944 0.035 0.05821333333333333
0 0.681625 0.15703666666666666 0.03075 0.053406666666666665