0 0.05075 0.1437 0.0365 0.05340333333333334
0 0.212375 0.08302666666666667 0.03725 0.05205333333333333
0 0.131125 0.5782666666666667 0.05975 0.059199999999999996
0 0.191625 0.7612933333333334 0.04075 0.05858666666666666
0 0.163 0.7957966666666666 0.036 0.05092666666666667
0 0.325875 0.3645666666666667 0.03425 0.0518
0 0.3215 0.29905666666666664 0.033 0.04411333333333334
0 0.442375 0.47641666666666665 0.03725 0.06550333333333333
0 0.51325 0.4967533333333333 0.0215 0.05950666666666667
0 0.487 0.7461233333333332 0.034 0.06491666666666666
0 0.5855 0.7081166666666666 0.041 0.05557
0 0.518625 0.8017966666666666 0.03475 0.049596666666666664
0 0.5465 0.8603066666666667 0.033 0.06328333333333333
0 0.5085 0.9676566666666666 0.057 0.051313333333333336
0 0.648375 0.22021333333333332 0.02925 0.06309333333333333
0 0.8285 0.17254 0.037 0.054413333333333334
0 0.391875 0.011846666666666667 0.03625 0.023693333333333334
0 0.639 0.4029066666666667 0.058 0.06848333333333333
0 0.7315 0.3620666666666667 0.033 0.04346666666666667
0 0.7795 0.41174 0.049 0.05615
0 0.767625 0.48608666666666667 0.03275 0.06484000000000001
0 0.719125 0.66111 0.03575 0.04822
0 0.852875 0.03701666666666666 0.03825 0.040036666666666665
0 0.9495 0.5537633333333333 0.029 0.07352666666666667
0 0.9685 0.37657 0.047 0.06247333333333333
0 0.9315 0.6404433333333334 0.033 0.06021666666666667
0 0.861875 0.7529600000000001 0.03625 0.06191666666666667
0 0.378875 0.07869 0.03025 0.036713333333333334
0 0.031625 0.26705 0.04075 0.03343666666666667
0 0.326125 0.16337000000000002 0.02975 0.03274
0 0.6195 0.11119666666666665 0.029 0.05172666666666667