0 0.28925 0.062189999999999995 0.0435 0.06704666666666666
0 0.401625 0.06702333333333334 0.03075 0.04671333333333333
0 0.28375 0.29422333333333334 0.0325 0.06445
0 0.124125 0.4094066666666667 0.03575 0.04481333333333333
0 0.342 0.40107000000000004 0.024 0.03481
0 0.2235 0.44408000000000003 0.037 0.06082666666666666
0 0.0265 0.55976 0.033 0.032189999999999996
0 0.175 0.5410933333333333 0.03 0.04818666666666667
0 0.2235 0.54326 0.027 0.06252333333333333
0 0.614375 0.10619666666666666 0.03125 0.048389999999999996
0 0.9415 0.20171 0.033 0.036083333333333335
0 0.541625 0.34673000000000004 0.02075 0.052796666666666665
0 0.707875 0.35773333333333335 0.02825 0.04146333333333333
0 0.451375 0.5617633333333333 0.03525 0.04952666666666667
0 0.154875 0.7207866666666667 0.03225 0.04090333333333333
0 0.201375 0.6761133333333333 0.02525 0.044893333333333334
0 0.4705 0.6522766666666666 0.031 0.033883333333333335
0 0.473125 0.7304533333333334 0.02375 0.05357666666666666
0 0.3585 0.9056466666666667 0.037 0.04729333333333333
0 0.811375 0.5009233333333333 0.04525 0.09118000000000001
0 0.8645 0.5302566666666667 0.029 0.04318333333333334
0 0.7065 0.6477766666666667 0.043 0.061553333333333335
0 0.676625 0.74379 0.03075 0.05358
0 0.692875 0.8016333333333333 0.02825 0.05259666666666667
0 0.7105 0.8783099999999999 0.041 0.04595333333333334
0 0.879 0.94682 0.038 0.05297333333333333