0 0.27125 0.03702 0.0375 0.053373333333333335
0 0.212875 0.27221999999999996 0.03825 0.047106666666666665
0 0.12275 0.37440333333333337 0.0305 0.06147333333333333
0 0.054375 0.5162566666666667 0.04125 0.06851666666666667
0 0.251375 0.4104066666666667 0.04525 0.040146666666666664
0 0.444875 0.29155666666666663 0.02225 0.04578
0 0.1985 0.8354699999999999 0.037 0.04360666666666666
0 0.091125 0.5425933333333334 0.02975 0.04785333333333333
0 0.013 0.41591 0.026 0.061149999999999996
0 0.45275 0.7559566666666666 0.0305 0.04791666666666667
0 0.45425 0.55443 0.0435 0.04819
0 0.533125 0.45008 0.02375 0.05949333333333333
0 0.610625 0.55993 0.03875 0.04252333333333333
0 0.617125 0.7091166666666666 0.03175 0.050903333333333335
0 0.552625 0.8524733333333333 0.04275 0.057613333333333336
0 0.63475 0.43657666666666667 0.0445 0.04915666666666667
0 0.484125 0.10719666666666666 0.03575 0.05706
0 0.657 0.19004000000000001 0.034 0.04608333333333333
0 0.7055 0.31106 0.031 0.05478666666666667
0 0.707625 0.37273666666666666 0.03275 0.05147
0 0.969875 0.47108333333333335 0.02225 0.05483333333333333
0 0.953125 0.7844633333333333 0.02375 0.054926666666666665