0 0.193875 0.07185666666666667 0.03025 0.05305
0 0.087625 0.22171333333333332 0.04275 0.04942666666666667
0 0.071625 0.27022 0.04075 0.04310666666666666
0 0.02125 0.4422433333333333 0.0375 0.04049
0 0.227375 0.43641 0.03725 0.052156666666666664
0 0.236 0.08052333333333334 0.022 0.03038
0 0.2675 0.1277 0.025 0.061399999999999996
0 0.23025 0.21671333333333334 0.0255 0.05942666666666667
0 0.478 0.09969666666666666 0.036 0.05872333333333333
0 0.4715 0.17070666666666667 0.023 0.07408000000000001
0 0.124875 0.7324533333333334 0.04225 0.04424333333333333
0 0.269 0.8418033333333332 0.028 0.04960666666666667
0 0.249375 0.9141466666666667 0.04125 0.027626666666666664
0 0.460875 0.8098000000000001 0.03425 0.05226666666666667
0 0.443 0.55993 0.036 0.05586000000000001
0 0.576875 0.18570666666666666 0.02625 0.057416666666666664
0 0.661625 0.07769333333333334 0.03075 0.05471666666666667
0 0.729625 0.06269 0.03675 0.07138333333333334
0 0.8115 0.11869666666666666 0.033 0.050063333333333335
0 0.782375 0.6442766666666666 0.02725 0.057883333333333335
0 0.70525 0.8524733333333333 0.0355 0.04427666666666667
0 0.905375 0.7691266666666667 0.04325 0.06425666666666667
0 0.8335 0.65511 0.027 0.04955333333333333
0 0.933 0.6517766666666667 0.026 0.042883333333333336
0 0.7595 0.7152866666666667 0.019 0.059906666666666664