0 0.378875 0.4434133333333333 0.03025 0.05949333333333333
0 0.094875 0.7037833333333333 0.03225 0.040233333333333336
0 0.029375 0.23988333333333334 0.03125 0.05576666666666667
0 0.039 0.02068333333333333 0.038 0.0407
0 0.4595 0.3964066666666667 0.029 0.05214333333333333
0 0.2645 0.8148000000000001 0.029 0.04226666666666667
0 0.636 0.18954333333333334 0.032 0.05508333333333333
0 0.91175 0.05802333333333333 0.0285 0.06204666666666666
0 0.77675 0.33072666666666667 0.0185 0.03412333333333333
0 0.75875 0.3654 0.0325 0.050133333333333335
0 0.8425 0.37373666666666666 0.025 0.06014
0 0.88 0.3253933333333333 0.03 0.03678666666666667
0 0.140875 0.22171333333333332 0.03425 0.06276
0 0.2025 0.20554333333333333 0.025 0.047086666666666666