1 0.267 0.10153 0.044 0.05239
1 0.2875 0.5510966666666667 0.055 0.08152666666666666
1 0.28225 0.8404699999999999 0.0495 0.046939999999999996
1 0.504625 0.50109 0.03675 0.08818000000000001
1 0.480875 0.40457333333333334 0.04425 0.05181333333333333
1 0.398375 0.8879833333333332 0.07925 0.13863333333333333
1 0.654 0.19971666666666665 0.068 0.12543
1 0.885375 0.4422466666666667 0.03325 0.08049666666666667
1 0.834 0.3003933333333333 0.048 0.07345333333333334
1 0.821125 0.7842966666666666 0.04975 0.08459666666666667
1 0.93875 0.9244866666666667 0.0925 0.09497333333333334