0 0.017 0.10919666666666666 0.034 0.04772666666666667
0 0.27225 0.030016666666666667 0.0295 0.04603666666666667
0 0.074125 0.3540666666666667 0.04575 0.08080333333333334
0 0.1095 0.21371333333333334 0.039 0.060090000000000005
0 0.21025 0.26788999999999996 0.0455 0.08511
0 0.4085 0.3580666666666667 0.047 0.06213333333333333
0 0.454 0.023183333333333334 0.038 0.04636666666666667
0 0.473375 0.16103666666666666 0.02925 0.048073333333333336
0 0.08475 0.7589600000000001 0.0545 0.04725
0 0.11125 0.7832966666666666 0.0275 0.06259333333333333
0 0.21225 0.7967966666666666 0.0495 0.04626
0 0.260875 0.6517766666666667 0.04425 0.06955666666666667
0 0.45375 0.53126 0.0425 0.05185000000000001
0 0.555 0.9708233333333333 0.03 0.03431
0 0.529125 0.9073133333333333 0.03575 0.05729666666666666
0 0.65125 0.7466233333333333 0.0275 0.055913333333333336
0 0.6395 0.6394433333333334 0.019 0.06488333333333333
0 0.681 0.7162866666666667 0.022 0.05524
0 0.713625 0.76646 0.02475 0.045586666666666664
0 0.73775 0.8403033333333333 0.0305 0.04994
0 0.489875 0.22704666666666667 0.03225 0.060096666666666666
0 0.5405 0.23205 0.041 0.06343
0 0.558875 0.04035333333333333 0.02025 0.04670666666666667
0 0.596875 0.013179999999999999 0.02625 0.026359999999999998
0 0.693375 0.05852333333333333 0.02925 0.05304333333333333
0 0.774625 0.03902 0.03675 0.05737333333333333
0 0.731 0.20921 0.052 0.04775333333333333
0 0.70775 0.28472333333333333 0.0305 0.04877666666666667
0 0.634875 0.38657 0.03225 0.055810000000000005
0 0.7045 0.38107 0.029 0.07481
0 0.69825 0.6016033333333333 0.0315 0.05253666666666667
0 0.789125 0.7591266666666667 0.02575 0.05758666666666666
0 0.943 0.6207733333333333 0.026 0.06754666666666666
0 0.006 0.20137666666666668 0.012 0.05542