0 0.2055 0.030520000000000002 0.061 0.06103666666666667
0 0.437 0.11953333333333334 0.064 0.07506666666666666
0 0.356 0.3463966666666667 0.042 0.04546333333333333
0 0.417875 0.35773333333333335 0.04825 0.0548
0 0.18675 0.44508 0.0385 0.056159999999999995
0 0.311625 0.5324266666666666 0.04075 0.05751666666666667
0 0.173625 0.5881033333333333 0.05475 0.08220666666666666
0 0.0285 0.7429566666666666 0.037 0.05524666666666667
0 0.062875 0.9526533333333334 0.04825 0.054643333333333335
0 0.1645 0.9649899999999999 0.059 0.059313333333333336
0 0.355875 0.78113 0.05425 0.08826333333333335
0 0.38225 0.72712 0.0495 0.046906666666666666
0 0.434 0.6347733333333333 0.068 0.04221333333333333
0 0.7595 0.41241 0.049 0.08415333333333333
0 0.513375 0.23438333333333333 0.03925 0.07476666666666668
0 0.746375 0.24805 0.03525 0.06877
0 0.681125 0.26238666666666666 0.05975 0.06410666666666666
0 0.680375 0.05452666666666667 0.05325 0.09838333333333332
0 0.9825 0.6041033333333333 0.035 0.060873333333333335
0 0.951875 0.16104 0.02625 0.07474333333333333