1 0.7225 0.36323666666666665 0.045 0.08914000000000001
1 0.636875 0.18504333333333334 0.02625 0.06941666666666667
1 0.135375 0.10386333333333332 0.04325 0.07706
1 0.344 0.22421333333333332 0.028 0.07109666666666667
1 0.29025 0.37840666666666667 0.0555 0.09614666666666667
1 0.1075 0.16037 0.085 0.06007666666666666
1 0.026375 0.07719333333333334 0.04525 0.07705333333333333
1 0.124875 0.8869833333333332 0.08225 0.11663
1 0.548625 0.6222766666666666 0.06475 0.09388333333333333
1 0.853875 0.5364266666666666 0.04025 0.07885666666666666
1 0.084375 0.029186666666666666 0.04125 0.058370000000000005