0 0.4445 0.3530666666666667 0.059 0.058800000000000005
0 0.3255 0.44508333333333333 0.121 0.1095
0 0.3425 0.06653 0.075 0.12239
0 0.05575 0.13603666666666667 0.0465 0.11141000000000001
0 0.21325 0.4859233333333333 0.0715 0.10784666666666667
0 0.637375 0.5466 0.09725 0.13586666666666666
0 0.530875 0.10203 0.03425 0.07006
0 0.2395 0.25022 0.069 0.08310666666666666
0 0.307625 0.6124366666666666 0.02275 0.057543333333333335
0 0.046125 0.7967966666666666 0.02975 0.04626
0 0.264125 0.8744766666666666 0.06575 0.06162
0 0.36125 0.6857800000000001 0.0375 0.04422666666666667
0 0.107 0.10503 0.024 0.056060000000000006
0 0.614125 0.09102999999999999 0.10575 0.10806333333333333
0 0.495125 0.29656 0.02775 0.07578333333333333
0 0.834 0.5117566666666666 0.038 0.08285000000000001
0 0.560375 0.7037866666666667 0.03325 0.06690333333333334
0 0.6105 0.8893166666666666 0.101 0.11463333333333332
0 0.7875 0.7051200000000001 0.135 0.08290666666666667
0 0.8455 0.27338999999999997 0.041 0.09277999999999999
0 0.810375 0.8201366666666666 0.04325 0.06627
0 0.374 0.9511533333333333 0.038 0.05497333333333333
0 0.702875 0.4384133333333333 0.04825 0.06949333333333332
0 0.90125 0.41907333333333335 0.0275 0.044149999999999995
0 0.972625 0.7837966666666666 0.03275 0.06692666666666666
0 0.8295 0.12153333333333334 0.059 0.06573333333333332
0 0.23175 0.6676133333333333 0.0385 0.05122333333333333
0 0.1485 0.2870533333333333 0.017 0.03344333333333333
0 0.19875 0.37240333333333336 0.0325 0.05747
0 0.03925 0.29389 0.0435 0.07045
0 0.418125 0.49108666666666667 0.04375 0.041503333333333337
0 0.753 0.61277 0.036 0.03820666666666667
0 0.111875 0.8753133333333334 0.04625 0.11329333333333333
0 0.504 0.9635 0.078 0.073
0 0.060375 0.023183333333333334 0.04325 0.04636666666666667
0 0.252 0.35373333333333334 0.054 0.04679666666666666
0 0.902875 0.11569666666666666 0.05825 0.06406333333333333