0 0.05725 0.021516666666666667 0.0295 0.03903333333333333
0 0.040125 0.08836 0.02775 0.04938666666666667
0 0.257875 0.014513333333333333 0.02825 0.029026666666666666
0 0.267625 0.22304666666666667 0.03275 0.05209333333333333
0 0.3415 0.06085666666666666 0.043 0.051046666666666664
0 0.3345 0.17620666666666668 0.039 0.055080000000000004
0 0.43175 0.11452999999999999 0.0385 0.058396666666666666
0 0.45275 0.011846666666666667 0.0605 0.023693333333333334
0 0.232 0.9219833333333333 0.034 0.05996666666666667
0 0.36675 0.4497466666666667 0.0285 0.06549666666666668
0 0.438125 0.3505666666666667 0.02375 0.050463333333333325
0 0.50775 0.22354666666666667 0.0305 0.05642666666666667
0 0.467125 0.5670966666666667 0.03175 0.046860000000000006
0 0.54925 0.5562633333333333 0.0335 0.055189999999999996
0 0.82575 0.63344 0.0465 0.03954666666666667
0 0.9875 0.9504866666666667 0.025 0.040306666666666664
0 0.838375 0.42457666666666666 0.03925 0.051820000000000005
0 0.9725 0.34223000000000003 0.035 0.05379666666666666
0 0.9825 0.19421 0.035 0.06441999999999999
0 0.8825 0.15037 0.035 0.053406666666666665
0 0.684125 0.015846666666666665 0.03575 0.031696666666666665
0 0.63975 0.19271 0.0345 0.051416666666666666
0 0.79775 0.29605666666666663 0.0605 0.04478