0 0.05025 0.06519 0.0355 0.06638333333333334
0 0.212875 0.10703333333333334 0.03825 0.08673
0 0.080875 0.8123 0.04425 0.0606
0 0.150875 0.93382 0.05425 0.060303333333333334
0 0.436875 0.7451233333333332 0.03625 0.06958333333333333
0 0.392125 0.41307333333333335 0.03175 0.04548
0 0.425 0.5460933333333333 0.03 0.05152
0 0.32225 0.28472333333333333 0.0395 0.04877666666666667
0 0.5635 0.10936333333333333 0.037 0.04472666666666667
0 0.45625 0.32172666666666666 0.0275 0.04945666666666667
0 0.571125 0.41591 0.02975 0.07448666666666667
0 0.442125 0.49642 0.02175 0.038836666666666665
0 0.498125 0.7351233333333334 0.03375 0.06291333333333333
0 0.42875 0.8481366666666666 0.0325 0.042276666666666664
0 0.3095 0.9509866666666666 0.029 0.04464
0 0.62475 0.8553066666666667 0.0245 0.04661333333333333
0 0.550375 0.8248 0.03325 0.04893666666666667
0 0.770125 0.029353333333333335 0.02775 0.058036666666666674
0 0.889875 0.08602666666666667 0.03225 0.03805
0 0.748125 0.11953 0.02375 0.048396666666666664
0 0.703625 0.15503666666666668 0.03475 0.03607
0 0.613 0.3343966666666667 0.026 0.06146
0 0.623875 0.23771666666666666 0.02025 0.05476333333333333
0 0.6635 0.32705999999999996 0.027 0.04679
0 0.6995 0.34523000000000004 0.029 0.05313
0 0.7495 0.5134233333333333 0.029 0.05284666666666667
0 0.74175 0.21871666666666667 0.0285 0.09009666666666667
0 0.87275 0.1307 0.0305 0.0474
0 0.88325 0.31456 0.0215 0.058453333333333336
0 0.9585 0.54076 0.037 0.06752333333333334
0 0.828 0.60527 0.026 0.053206666666666666
0 0.762375 0.8333033333333333 0.02725 0.04260333333333333
0 0.9875 0.44508 0.025 0.056159999999999995
0 0.8795 0.19904333333333332 0.039 0.05742
0 0.380375 0.6604433333333333 0.03325 0.06022333333333333