0 0.02 0.24171333333333334 0.03 0.036096666666666666
0 0.126375 0.1247 0.02525 0.04873
0 0.1765 0.11419666666666665 0.033 0.05106
0 0.09125 0.2705533333333333 0.0375 0.05044
0 0.162625 0.25472 0.03275 0.06877
0 0.0195 0.50042 0.039 0.04684000000000001
0 0.0185 0.7192866666666667 0.027 0.054573333333333335
0 0.156375 0.5127533333333333 0.03525 0.038176666666666664
0 0.23025 0.46825 0.0255 0.0525
0 0.365375 0.3097233333333333 0.04325 0.03878333333333333
0 0.332625 0.17820666666666668 0.03275 0.04574666666666667
0 0.43875 0.013179999999999999 0.0325 0.026359999999999998
0 0.462 0.2795566666666667 0.034 0.061776666666666674
0 0.4975 0.6244366666666666 0.035 0.041543333333333335
0 0.38 0.5841 0.04 0.04753333333333333
0 0.239 0.60527 0.038 0.03987
0 0.690625 0.9604866666666667 0.03875 0.04697666666666667
0 0.6585 0.7771266666666667 0.037 0.053590000000000006
0 0.7135 0.8804766666666666 0.027 0.04695333333333334
0 0.822375 0.7192866666666667 0.03725 0.06790666666666667
0 0.85525 0.93782 0.0355 0.05497
0 0.7285 0.6492766666666666 0.037 0.06122
0 0.340625 0.36773333333333336 0.03875 0.04813666666666667
0 0.408125 0.3569 0.03375 0.043129999999999995
0 0.478125 0.11703 0.04375 0.05339666666666667
0 0.736 0.21938 0.062 0.05142666666666667
0 0.74 0.33956333333333333 0.03 0.048459999999999996
0 0.732 0.38957 0.034 0.041806666666666666
0 0.94925 0.21620999999999999 0.0335 0.041756666666666664
0 0.9825 0.30555666666666664 0.035 0.033780000000000004
0 0.783375 0.5864333333333334 0.02925 0.04553333333333333
0 0.88225 0.6804466666666666 0.0395 0.06023
0 0.0845 0.7672933333333334 0.039 0.043919999999999994
0 0.535 0.37223333333333336 0.05 0.04713666666666667
0 0.829625 0.6181033333333333 0.02675 0.048876666666666665
0 0.90525 0.48758666666666667 0.0355 0.05117