0 0.175375 0.15770333333333333 0.03325 0.04140666666666667
0 0.344875 0.25338333333333335 0.03225 0.05277
0 0.45425 0.27038666666666666 0.0335 0.06677666666666666
0 0.6505 0.1323666666666667 0.041 0.0574
0 0.784 0.48658666666666667 0.038 0.055836666666666666
0 0.7395 0.18104 0.039 0.06141666666666667
0 0.091 0.5710999999999999 0.032 0.06819666666666667
0 0.916875 0.5475933333333334 0.03625 0.05119
0 0.571 0.14903666666666668 0.032 0.050736666666666666
0 0.798125 0.6442766666666666 0.04375 0.07122
0 0.978375 0.39207000000000003 0.01925 0.05014333333333334
0 0.855 0.19104000000000002 0.04 0.041416666666666664
0 0.832375 0.13886666666666667 0.03725 0.04706666666666666
0 0.489625 0.34023000000000003 0.02675 0.049793333333333335
0 0.3715 0.68745 0.043 0.06756666666666666
0 0.437 0.04118666666666667 0.024 0.045040000000000004
0 0.966 0.6231066666666667 0.032 0.05221