0 0.8855 0.034686666666666664 0.031 0.05537
0 0.92025 0.03802 0.0255 0.048703333333333335
0 0.060625 0.32789666666666667 0.02875 0.07179333333333333
0 0.042875 0.4064066666666667 0.02825 0.058813333333333336
0 0.245875 0.20637666666666665 0.02425 0.045419999999999995
0 0.29 0.24705 0.03 0.07343666666666666
0 0.056125 0.9331499999999999 0.02975 0.0323
0 0.2905 0.8078000000000001 0.031 0.04826333333333333
0 0.347875 0.22454666666666667 0.02825 0.06509666666666666
0 0.671375 0.25571666666666665 0.02525 0.05077
0 0.308 0.9068133333333334 0.036 0.039626666666666664
0 0.475 0.9656566666666666 0.04 0.06064666666666667
0 0.598875 0.8241333333333334 0.03025 0.04760333333333333
0 0.780125 0.50709 0.02775 0.07351333333333333
0 0.854 0.6157733333333333 0.028 0.06421
0 0.901875 0.6277733333333333 0.02625 0.04821333333333333