0 0.1165 0.09152999999999999 0.043 0.07239
0 0.396 0.3600666666666667 0.052 0.0528
0 0.635375 0.24121666666666666 0.03325 0.05843333333333334
0 0.598375 0.3580666666666667 0.02925 0.0488
0 0.141375 0.7609600000000001 0.02525 0.05125
0 0.353 0.6957833333333333 0.036 0.050899999999999994
0 0.64825 0.5642633333333333 0.0315 0.04452666666666667
0 0.718125 0.47625 0.03375 0.05516666666666667
0 0.5895 0.6749466666666667 0.029 0.03922333333333333
0 0.575125 0.97349 0.02775 0.03964666666666666
0 0.60975 0.9191499999999999 0.0345 0.044296666666666665
0 0.762625 0.05502 0.03275 0.049376666666666666
0 0.706375 0.15387 0.02525 0.04373666666666667
0 0.847625 0.16337000000000002 0.04275 0.05941
0 0.855875 0.25021666666666664 0.03425 0.05643666666666667
0 0.91975 0.5449266666666667 0.0245 0.045853333333333336
0 0.923375 0.8829766666666666 0.02925 0.041953333333333336
0 0.95075 0.8253 0.0365 0.03993666666666667
0 0.757375 0.7817966666666666 0.03725 0.06292666666666667
0 0.327875 0.3769 0.02825 0.02980333333333333
0 0.57375 0.5946 0.0325 0.0452