0 0.53925 0.7869633333333332 0.0435 0.04992666666666667
0 0.132625 0.16537333333333334 0.04275 0.06341
0 0.708375 0.24555 0.03925 0.07377
0 0.72275 0.5560966666666667 0.0405 0.07152666666666667
0 0.517125 0.68545 0.04175 0.06356333333333333
0 0.795 0.9623233333333333 0.04 0.053976666666666666
0 0.2445 0.9631566666666665 0.069 0.05231
0 0.789125 0.5329333333333334 0.06575 0.1418633333333333
0 0.9485 0.55043 0.037 0.08019333333333334
0 0.59175 0.2610533333333333 0.0685 0.07477333333333333
0 0.36325 0.7237899999999999 0.0515 0.09358
0 0.109125 0.77496 0.07575 0.052590000000000005
0 0.1375 0.94382 0.035 0.05363999999999999
0 0.49875 0.94732 0.0425 0.04397333333333333
0 0.0445 0.95032 0.039 0.04330666666666666
0 0.2915 0.65061 0.033 0.06388666666666666
0 0.56675 0.8378033333333332 0.0385 0.04160666666666667
0 0.3045 0.8543066666666667 0.039 0.06461333333333333