1 0.720875 0.57327 0.08425 0.10920333333333333
1 0.121625 0.07202666666666667 0.06075 0.07672
1 0.023 0.6467766666666667 0.046 0.06622
1 0.299125 0.11120000000000001 0.04575 0.09173333333333333
1 0.40575 0.18921 0.0465 0.07442
1 0.382625 0.3460666666666667 0.06275 0.09147000000000001
1 0.4625 0.93782 0.075 0.09497666666666667
1 0.088875 0.8813099999999999 0.06025 0.058620000000000005
1 0.53275 0.5562633333333333 0.0405 0.06852666666666667
1 0.546 0.3610666666666667 0.032 0.06147
1 0.62975 0.6296066666666666 0.0545 0.05521333333333333
1 0.64575 0.12736333333333333 0.0365 0.04073
1 0.73975 0.09252666666666666 0.0245 0.04105333333333333
1 0.7945 0.40257333333333334 0.029 0.06114666666666667
1 0.9895 0.8726466666666667 0.019 0.10796
1 0.74425 0.7287899999999999 0.0535 0.07024333333333332
1 0.612625 0.9018133333333334 0.04275 0.06296